0 0.169907 0.699740 0.337963 0.320312
0 0.621296 0.675260 0.235185 0.233854
0 0.445833 0.512240 0.162037 0.166146
0 0.199537 0.416406 0.152778 0.127604
0 0.846296 0.450000 0.046296 0.066667
0 0.667130 0.337240 0.117593 0.103646
0 0.312963 0.338542 0.114815 0.101042
0 0.470833 0.282292 0.145370 0.120833
0 0.313426 0.188021 0.108333 0.056250
0 0.581481 0.241146 0.083333 0.070833
0 0.519907 0.146875 0.063889 0.047917
0 0.701389 0.178125 0.082407 0.058333
0 0.644444 0.218750 0.024074 0.037500
1 0.780556 0.159375 0.057407 0.053125
0 0.883333 0.272135 0.029630 0.044271
