0 0.116399 0.531401 0.201984 0.177134
0 0.264309 0.428520 0.147910 0.137771
0 0.597503 0.530954 0.054074 0.076042
0 0.427327 0.439256 0.044532 0.067991
0 0.823343 0.455806 0.225840 0.183396
0 0.770859 0.221417 0.092245 0.068885
0 0.408128 0.306148 0.032146 0.047387
0 0.434731 0.193914 0.034363 0.034917
0 0.570520 0.218543 0.026603 0.039282
0 0.499577 0.147151 0.062075 0.053623
0 0.609317 0.113169 0.057641 0.044270
0 0.425309 0.125327 0.022170 0.024941
0 0.229109 0.257202 0.104197 0.079187
0 0.375982 0.059234 0.063183 0.041152