0 0.556376 0.064103 0.081601 0.057508
0 0.605618 0.182020 0.071284 0.061201
0 0.725675 0.233724 0.024387 0.040097
0 0.337835 0.216049 0.119119 0.079667
0 0.646888 0.274085 0.097546 0.090218
0 0.313918 0.311544 0.165078 0.106046
0 0.508541 0.347156 0.181023 0.156168
0 0.735523 0.384879 0.134126 0.120819
0 0.926395 0.260103 0.022511 0.044318
0 0.978674 0.495938 0.042652 0.073863
0 0.305476 0.450037 0.157574 0.141395
0 0.456289 0.749369 0.228919 0.265498
0 0.117894 0.635802 0.235787 0.215364
1 0.801502 0.123457 0.050649 0.042735