0 0.168519 0.829167 0.296296 0.300000
0 0.423148 0.557552 0.190741 0.180729
0 0.205556 0.420833 0.209259 0.150000
0 0.547685 0.410417 0.065741 0.067708
0 0.320833 0.336979 0.054630 0.056250
0 0.423148 0.337500 0.046296 0.059375
0 0.647222 0.313021 0.040741 0.054167
0 0.804167 0.369792 0.041667 0.065625
1 0.953241 0.352604 0.093519 0.105208
0 0.268981 0.264323 0.080556 0.091146
0 0.334722 0.190365 0.123148 0.067187
0 0.726389 0.097917 0.060185 0.046875
0 0.641204 0.856771 0.286111 0.286458
0 0.451389 0.242448 0.134259 0.076563
0 0.478241 0.095312 0.104630 0.092708
