0 0.357034 0.632144 0.207285 0.219479
0 0.600899 0.664152 0.215414 0.228624
0 0.490144 0.391518 0.201189 0.154321
0 0.673043 0.370942 0.136158 0.117741
0 0.779734 0.512689 0.077224 0.088020
0 0.948407 0.547554 0.056902 0.082305
0 0.193441 0.415524 0.233704 0.152035
0 0.655519 0.235206 0.025227 0.044700
0 0.391262 0.221371 0.145058 0.158933
0 0.559024 0.113169 0.117308 0.094366
0 0.728679 0.161771 0.080728 0.061019
0 0.895180 0.252945 0.020182 0.044700
0 0.458745 0.100043 0.052978 0.045409
1 0.660565 0.087981 0.050455 0.045409
0 0.386847 0.024479 0.042887 0.029090