0 0.582305 0.926955 0.106081 0.141975
0 0.351852 0.667695 0.091449 0.104938
0 0.256744 0.537037 0.069502 0.082305
0 0.190901 0.399177 0.149977 0.135802
0 0.463420 0.371399 0.190215 0.133745
0 0.721931 0.390479 0.048219 0.062664
0 0.868250 0.425084 0.044893 0.066405
0 0.290456 0.258605 0.152970 0.092593
0 0.338675 0.166480 0.109739 0.065470
0 0.546515 0.253461 0.029929 0.046764
0 0.879058 0.280116 0.113065 0.098204
0 0.735233 0.237093 0.138006 0.101945
0 0.732739 0.089319 0.059858 0.047699
0 0.483331 0.114572 0.123041 0.103816
1 0.953880 0.338103 0.089787 0.100075