1 0.407498 0.215029 0.029929 0.035200
1 0.626253 0.131766 0.065613 0.049858
1 0.510566 0.131119 0.087485 0.077053
1 0.284948 0.109428 0.085182 0.038850
1 0.600929 0.056333 0.031080 0.024605
1 0.623375 0.087736 0.016116 0.016188
1 0.575029 0.072844 0.016116 0.014893
1 0.535891 0.067664 0.041440 0.031728
1 0.447831 0.066045 0.035684 0.029785
1 0.354591 0.071225 0.051800 0.025900
1 0.473731 0.040793 0.029929 0.024605
1 0.510566 0.026548 0.025324 0.019425
1 0.542222 0.032375 0.033382 0.023310
1 0.379339 0.047915 0.043742 0.019425