1 0.250112 0.552433 0.262119 0.224014
1 0.619922 0.114284 0.055253 0.042088
1 0.425384 0.181948 0.025324 0.029785
1 0.512293 0.112665 0.077125 0.066045
1 0.284948 0.110399 0.080578 0.036908
1 0.356317 0.071549 0.048347 0.027843
1 0.593446 0.052448 0.034533 0.025900
1 0.618771 0.080290 0.016116 0.012950
1 0.569273 0.065074 0.013813 0.013598
1 0.532437 0.060865 0.036836 0.024605
1 0.448982 0.063779 0.033382 0.029138
1 0.472004 0.037879 0.031080 0.021368
1 0.501357 0.025576 0.025324 0.018778
1 0.535891 0.030756 0.025324 0.018778