1 0.817827 0.496165 0.207027 0.171156
1 0.360346 0.364795 0.164609 0.132882
1 0.280919 0.110723 0.088636 0.040145
1 0.515746 0.096801 0.065613 0.061513
1 0.611289 0.099715 0.051800 0.038850
1 0.447255 0.063455 0.032231 0.031080
1 0.439197 0.155724 0.023022 0.025253
1 0.528984 0.054066 0.034533 0.025253
1 0.608986 0.073168 0.017267 0.012950
1 0.562942 0.057951 0.012662 0.012303
1 0.585964 0.047915 0.031080 0.025900
1 0.470277 0.038203 0.032231 0.019425
1 0.351137 0.071873 0.049498 0.027195
1 0.380491 0.049210 0.046044 0.019425