0 0.847889 0.617970 0.258497 0.215364
0 0.573541 0.544582 0.173144 0.181070
0 0.374790 0.525377 0.180460 0.178326
0 0.211401 0.363512 0.199970 0.134431
0 0.483310 0.349329 0.182899 0.129875
0 0.650358 0.331276 0.126810 0.108368
0 0.769269 0.468778 0.066798 0.076937
0 0.756010 0.310479 0.036580 0.052175
0 0.643657 0.219724 0.026128 0.042622
0 0.719430 0.164609 0.080998 0.063198
0 0.396091 0.202454 0.134561 0.150647
0 0.546776 0.106584 0.111203 0.088066
1 0.666758 0.095473 0.049749 0.042798
0 0.452490 0.090924 0.049432 0.039484