0 0.246805 0.507055 0.177673 0.161670
0 0.825114 0.457084 0.233414 0.187145
0 0.644828 0.571723 0.064450 0.083284
0 0.435800 0.476680 0.047031 0.069567
0 0.381802 0.339996 0.036580 0.052910
0 0.090306 0.662845 0.180612 0.234176
0 0.120517 0.411033 0.123675 0.136194
0 0.215451 0.288066 0.111481 0.094062
0 0.418381 0.225358 0.040064 0.043112
0 0.562088 0.237605 0.027870 0.044092
0 0.501121 0.164609 0.066192 0.056829
0 0.421865 0.148442 0.029612 0.028415
0 0.616957 0.120517 0.057483 0.045072
0 0.772857 0.223398 0.094062 0.072506
0 0.374834 0.071527 0.067934 0.047031